time;Lat;Lon;length;width;min_lon;max_lon;min_lat;max_lat;min_max_zeta_850_lat;min_max_zeta_850_lon;min_max_zeta_850;min_hgt_850_lat;min_hgt_850_lon;min_hgt_850;max_wind_850_lat;max_wind_850_lon;max_wind_850
2024-12-13-1200;-28.941307;-57.619183;15;15;-65.11918299999999;-50.119183;-36.441306999999995;-21.441307;-26.906055450439453;-59.286285400390625;-0.006217514038392416;-26.337013244628906;-60.40778732299805;1405.360595703125;-27.041122436523438;-61.10493850708008;32.39563751220703
2024-12-13-1500;-28.595905;-55.648975;15;15;-63.148975;-48.148975;-36.095905;-21.095905;-25.98332977294922;-58.13446807861328;-0.005439481993747371;-26.228302001953125;-56.61892318725586;1401.0384521484375;-26.30984878540039;-56.74016571044922;32.08518600463867
2024-12-13-1800;-29.179764;-53.830318;15;15;-61.330318;-46.330318;-36.679764;-21.679764;-24.91594696044922;-58.55882263183594;-0.005771005345270916;-23.756027221679688;-60.40778732299805;1374.741943359375;-25.21795654296875;-57.861671447753906;33.100887298583984
2024-12-13-2100;-29.285572;-53.466591;15;15;-60.966591;-45.966591;-36.785572;-21.785572;-23.977783203125;-54.28498458862305;-0.0067339811976911985;-23.36705780029297;-56.34612274169922;1380.66796875;-24.36492156982422;-54.31529235839844;35.788352966308594
2024-12-14-0000;-29.681355;-51.647934;15;15;-59.147934;-44.147934;-37.181354999999996;-22.181355;-24.668289184570312;-52.375396728515625;-0.0068413537116808806;-22.193328857421875;-55.194313049316406;1418.701904296875;-24.30970001220703;-52.375396728515625;28.92626190185547
2024-12-14-0300;-30.468246;-52.072289;15;15;-59.572289;-44.572289;-37.968246;-22.968246;-27.552894592285156;-48.95026397705078;-0.004484481008240299;-30.075584411621094;-55.315555572509766;1426.0535888671875;-24.998382568359375;-50.70829772949219;33.43711853027344
2024-12-14-0600;-32.509995;-52.587574;15;15;-60.087574;-45.087574;-40.009995;-25.009995000000004;-30.72915267944336;-48.73808670043945;-0.0032389118330385745;-30.41598129272461;-52.19353103637695;1416.736572265625;-30.389842987060547;-48.101558685302734;27.712881088256836
2024-12-14-0900;-31.894444;-53.072548;15;15;-60.572548;-45.572548;-39.394444;-24.394444;-26.36417007446289;-47.43471908569336;-0.0038402479934398024;-31.404186248779297;-53.042236328125;1409.7232666015625;-30.859336853027344;-50.73860549926758;28.05526351928711
2024-12-14-1200;-32.612179;-51.708557;15;15;-59.208557;-44.208557;-40.112179;-25.112178999999998;-34.48143005371094;-55.194313049316406;-0.004066862512664552;-31.404186248779297;-52.98161315917969;1407.5692138671875;-32.56110382080078;-50.890159606933594;29.845212936401367
2024-12-14-1500;-31.765682;-52.284462;15;15;-59.784462;-44.784462;-39.265682;-24.265682;-25.847023010253906;-45.040157318115234;-0.003947507549760371;-31.4300537109375;-51.01140594482422;1394.1424560546875;-31.636741638183594;-50.647674560546875;31.977054595947266
2024-12-14-1800;-30.520481;-51.284203;15;15;-58.784203;-43.784203;-38.020481000000004;-23.020481;-27.714019775390625;-44.31269454956055;-0.004373417806191501;-30.546592712402344;-51.22358322143555;1376.1610107421875;-27.848102569580078;-44.19145202636719;30.947599411010742
2024-12-14-2100;-31.455917;-51.890423;15;15;-59.390423;-44.390423;-38.955917;-23.955917;-28.941307067871094;-47.192230224609375;-0.0065118835122077254;-28.914779663085938;-47.13160705566406;1355.645263671875;-29.417675018310547;-47.0103645324707;36.037567138671875
2024-12-15-0000;-31.274746;-51.526691;15;15;-59.026691;-44.026691;-38.774746;-23.774746;-31.27474594116211;-51.52669143676758;-0.0052435187112675466;-31.79144287109375;-49.9808349609375;1355.8961181640625;-31.81720733642578;-49.950523376464844;36.659996032714844
2024-12-15-0300;-31.326542;-51.375137;15;15;-58.875137;-43.875137;-38.826542;-23.826542;-29.8392333984375;-45.343265533447266;-0.004317912862106957;-31.352432250976562;-51.344825744628906;1335.023193359375;-31.455917358398438;-51.43575668334961;39.23733901977539
2024-12-15-0600;-30.650948;-51.405449;15;15;-58.905449;-43.905449;-38.150948;-23.150948;-30.963359832763672;-47.495338439941406;-0.0038921142868037053;-30.546592712402344;-50.79922866821289;1324.214111328125;-30.337535858154297;-51.7691764831543;38.558258056640625
2024-12-15-0900;-29.944347;-50.677986;15;15;-58.177986;-43.177986;-37.444347;-22.444347;-28.40945053100586;-49.46554946899414;-0.004758765665652514;-30.389842987060547;-50.19301223754883;1320.817138671875;-30.494369506835938;-51.466068267822266;35.91962432861328
2024-12-15-1200;-29.655014;-50.193012;15;15;-57.693012;-42.693012;-37.155014;-22.155014;-28.40945053100586;-49.4958610534668;-0.004889911697131365;-30.311370849609375;-49.4958610534668;1328.2200927734375;-29.52322006225586;-50.16270065307617;34.31636428833008
2024-12-15-1500;-29.073856;-49.980835;15;15;-57.480835;-42.480835;-36.573856;-21.573856;-28.40945053100586;-49.4958610534668;-0.00450105409871332;-30.101806640625;-49.01088333129883;1335.8035888671875;-28.88824462890625;-49.92021179199219;35.93437194824219
2024-12-15-1800;-29.812935;-48.404667;15;15;-55.904667;-40.904667;-37.312934999999996;-22.312935;-27.95525360107422;-49.223060607910156;-0.0033345240958216017;-29.970611572265625;-48.19248962402344;1341.2354736328125;-28.27606201171875;-49.4958610534668;32.96561050415039
2024-12-15-2100;-29.760323;-47.737827;15;15;-55.237827;-40.237827;-37.260323;-22.260323;-29.76032257080078;-47.73782730102539;-0.0038827491680424927;-29.918071746826172;-47.25285339355469;1345.958984375;-35.64744186401367;-43.28212356567383;30.832275390625
2024-12-16-0000;-29.575962;-45.767616;15;15;-53.267616;-38.267616;-37.075962000000004;-22.075962;-29.57596206665039;-45.767616271972656;-0.0040307043572494336;-33.2735481262207;-45.6463737487793;1348.7762451171875;-35.153297424316406;-45.61606216430664;30.75041961669922
