time;Lat;Lon;length;width;min_lon;max_lon;min_lat;max_lat;min_max_zeta_850_lat;min_max_zeta_850_lon;min_max_zeta_850;min_hgt_850_lat;min_hgt_850_lon;min_hgt_850;max_wind_850_lat;max_wind_850_lon;max_wind_850
2024-12-13-1200;-29.0;-57.75;5.0;5.0;-60.25;-55.25;-31.5;-26.5;-29.0;-57.0;-0.0002778597804808;-29.0;-58.25;1439.654052734375;-28.0;-58.5;17.96502113342285
2024-12-13-1500;-29.75;-57.75;5.0;5.0;-60.25;-55.25;-32.25;-27.25;-31.75;-56.5;-0.000265144243036;-29.75;-57.5;1450.8824462890625;-27.75;-57.0;15.937851905822754
2024-12-13-1800;-30.0;-58.0;5.0;5.0;-60.5;-55.5;-32.5;-27.5;-30.25;-56.75;-0.0002134974630147;-30.0;-56.75;1437.201171875;-27.75;-57.0;19.724586486816406
2024-12-13-2100;-29.5;-57.0;5.0;5.0;-59.5;-54.5;-32.0;-27.0;-31.0;-56.5;-0.00031406483656;-30.75;-56.25;1425.407470703125;-27.75;-56.0;18.327938079833984
2024-12-14-0000;-29.5;-57.0;5.0;5.0;-59.5;-54.5;-32.0;-27.0;-31.25;-56.5;-0.0001796897696798;-30.0;-56.75;1435.1011962890625;-27.5;-55.5;14.65976619720459
2024-12-14-0300;-30.0;-55.75;5.0;5.0;-58.25;-53.25;-32.5;-27.5;-30.5;-56.75;-0.0001707680045442;-30.0;-55.5;1442.5263671875;-31.5;-58.25;12.915632247924805
2024-12-14-0600;-30.75;-54.75;5.0;5.0;-57.25;-52.25;-33.25;-28.25;-33.0;-54.75;-0.0002608272659417;-31.5;-53.25;1426.196533203125;-29.5;-53.5;12.892889022827148
2024-12-14-0900;-31.5;-52.5;5.0;5.0;-55.0;-50.0;-34.0;-29.0;-31.75;-52.5;-0.0004620425600274;-31.5;-52.5;1416.6944580078125;-30.25;-50.0;17.817604064941406
2024-12-14-1200;-31.5;-52.25;5.0;5.0;-54.75;-49.75;-34.0;-29.0;-31.75;-52.0;-0.0005606738249044;-31.5;-52.25;1411.2490234375;-31.5;-50.5;21.33384704589844
2024-12-14-1500;-31.5;-52.0;5.0;5.0;-54.5;-49.5;-34.0;-29.0;-32.0;-51.75;-0.0002948663909983;-31.75;-52.0;1405.5899658203125;-31.75;-49.75;24.620832443237305
2024-12-14-1800;-31.75;-51.5;5.0;5.0;-54.0;-49.0;-34.25;-29.25;-33.0;-51.5;-0.0003744149621768;-32.0;-51.5;1401.107177734375;-32.25;-49.75;25.084287643432617
2024-12-14-2100;-32.25;-51.5;5.0;5.0;-54.0;-49.0;-34.75;-29.75;-32.75;-51.25;-0.0005592119178612;-32.5;-51.5;1393.7249755859375;-33.0;-50.75;25.83382797241211
2024-12-15-0000;-32.5;-51.75;5.0;5.0;-54.25;-49.25;-35.0;-30.0;-32.75;-52.0;-0.0005792229169222;-32.5;-51.75;1380.497802734375;-33.0;-50.5;27.55764579772949
2024-12-15-0300;-32.5;-51.75;5.0;5.0;-54.25;-49.25;-35.0;-30.0;-32.75;-52.0;-0.0005929635437153;-32.5;-52.0;1375.6346435546875;-33.0;-50.25;24.299434661865234
2024-12-15-0600;-32.25;-51.75;5.0;5.0;-54.25;-49.25;-34.75;-29.75;-32.25;-52.25;-0.0004351690584384;-32.0;-51.75;1360.53955078125;-33.5;-51.75;22.44618797302246
2024-12-15-0900;-31.75;-51.5;5.0;5.0;-54.0;-49.0;-34.25;-29.25;-32.0;-51.5;-0.0003762928539995;-32.0;-51.5;1365.3067626953125;-31.5;-53.25;21.515926361083984
2024-12-15-1200;-32.25;-51.75;5.0;5.0;-54.25;-49.25;-34.75;-29.75;-32.25;-51.5;-0.0004264340570332;-32.0;-51.75;1350.847900390625;-33.5;-52.5;27.50813674926757
2024-12-15-1500;-32.0;-51.75;5.0;5.0;-54.25;-49.25;-34.5;-29.5;-32.0;-51.75;-0.0004489330665769;-32.0;-51.75;1356.2452392578125;-32.0;-53.25;30.108379364013672
2024-12-15-1800;-31.5;-51.5;5.0;5.0;-54.0;-49.0;-34.0;-29.0;-30.75;-52.25;-0.0003933464080692;-31.5;-51.5;1359.300048828125;-31.25;-53.5;31.222211837768555
2024-12-15-2100;-31.0;-51.25;5.0;5.0;-53.75;-48.75;-33.5;-28.5;-31.25;-51.5;-0.0003747929853468;-31.0;-51.0;1365.5406494140625;-30.5;-53.75;27.88077735900879
2024-12-16-0000;-30.5;-50.5;5.0;5.0;-53.0;-48.0;-33.0;-28.0;-30.0;-50.25;-0.0003903993524641;-30.5;-50.25;1393.0115966796875;-31.5;-53.0;22.882583618164062
2024-12-16-0300;-30.25;-49.75;5.0;5.0;-52.25;-47.25;-32.75;-27.75;-30.0;-49.5;-0.0003015287427646;-32.75;-47.25;1400.09228515625;-29.25;-50.0;21.78706359863281
2024-12-16-0600;-30.0;-48.75;5.0;5.0;-51.25;-46.25;-32.5;-27.5;-29.75;-48.75;-0.0002263028287806;-32.5;-46.25;1391.36376953125;-28.5;-49.25;18.36812400817871
2024-12-16-0900;-30.0;-47.5;5.0;5.0;-50.0;-45.0;-32.5;-27.5;-29.75;-47.75;-0.0002470450236761;-32.5;-45.5;1396.8299560546875;-29.25;-50.0;17.08080291748047
2024-12-16-1200;-29.75;-46.5;5.0;5.0;-49.0;-44.0;-32.25;-27.25;-29.75;-46.75;-0.0002265510801234;-32.25;-46.0;1413.8671875;-29.0;-49.0;17.28268051147461
